       1       1        0.4231419017
       1       2        0.0000000000
       1       3        0.0000000000
       1       4        0.0000000000
       1       5        0.1727794635
       1       6        0.0000000000
       1       7        0.0161796399
       1       8        0.0000000000
       1       9        0.0425366410
       1      10        0.0000000000
       1      11        0.0593653375
       1      12        0.0000000000
       2       1        0.6873941239
       2       2        0.0000003470
       2       3        0.0003119121
       2       4        0.0000914970
       2       5        0.0832674833
       2       6        0.0000001901
       2       7        0.0066961413
       2       8        0.0000003847
       2       9        0.0131806246
       2      10        0.0000010818
       2      11        0.0083310678
       2      12        0.0000062747
       3       1        0.6415661671
       3       2        0.0000007972
       3       3        0.0010727629
       3       4        0.0008174756
       3       5        0.0962798978
       3       6        0.0000000997
       3       7        0.0080849219
       3       8        0.0000001792
       3       9        0.0174110596
       3      10        0.0000004564
       3      11        0.0148090836
       3      12        0.0000025033
       4       1        0.6392391553
       4       2        0.0000736784
       4       3        0.0003832213
       4       4        0.0001355608
       4       5        0.0948121420
       4       6        0.0000060530
       4       7        0.0080114845
       4       8        0.0000085504
       4       9        0.0174177030
       4      10        0.0000123658
       4      11        0.0152275777
       4      12        0.0000379351
       5       1        0.6162597031
       5       2        0.0002252321
       5       3        0.0040792935
       5       4        0.0013739663
       5       5        0.0969342633
       5       6        0.0000241248
       5       7        0.0083194050
       5       8        0.0000347017
       5       9        0.0186530533
       5      10        0.0000488874
       5      11        0.0176373489
       5      12        0.0000694972
       6       1        0.6022977839
       6       2        0.0005019978
       6       3        0.0021456319
       6       4        0.0052346263
       6       5        0.0934235580
       6       6        0.0000434263
       6       7        0.0080742264
       6       8        0.0000613140
       6       9        0.0182331889
       6      10        0.0000807205
       6      11        0.0175694635
       6      12        0.0000720675
       7       1        0.5903380623
       7       2        0.0005484165
       7       3        0.0000650133
       7       4        0.0050480327
       7       5        0.0908692719
       7       6        0.0000454466
       7       7        0.0079484842
       7       8        0.0000638232
       7       9        0.0183333853
       7      10        0.0000841856
       7      11        0.0186425274
       7      12        0.0001088119
       8       1        0.5500749435
       8       2        0.0003137544
       8       3        0.0054967683
       8       4        0.0019831453
       8       5        0.0932708922
       8       6        0.0000335217
       8       7        0.0083475579
       8       8        0.0000475232
       8       9        0.0200046459
       8      10        0.0000638161
       8      11        0.0220346586
       8      12        0.0000629777
       9       1        0.5700500077
       9       2        0.0003513921
       9       3        0.0005601041
       9       4        0.0033479636
       9       5        0.0797805488
       9       6        0.0000370234
       9       7        0.0070515013
       9       8        0.0000529842
       9       9        0.0164048816
       9      10        0.0000725264
       9      11        0.0166721313
       9      12        0.0000762444
      10       1        0.5598864694
      10       2        0.0003883880
      10       3        0.0052921721
      10       4        0.0043214461
      10       5        0.0734568415
      10       6        0.0000358394
      10       7        0.0065085378
      10       8        0.0000498599
      10       9        0.0151355852
      10      10        0.0000639805
      10      11        0.0151667824
      10      12        0.0000640985
      11       1        0.5489107265
      11       2        0.0000616290
      11       3        0.0016586445
      11       4        0.0032792882
      11       5        0.0693080592
      11       6        0.0000093929
      11       7        0.0062469435
      11       8        0.0000150658
      11       9        0.0149771381
      11      10        0.0000287656
      11      11        0.0160684394
      11      12        0.0000844204
      12       1        0.5210138994
      12       2        0.0000725854
      12       3        0.0025471388
      12       4        0.0037635186
      12       5        0.0696239329
      12       6        0.0000011283
      12       7        0.0064305762
      12       8        0.0000006820
      12       9        0.0160176955
      12      10        0.0000007038
      12      11        0.0187389540
      12      12        0.0000635382
      13       1        0.4922391339
      13       2        0.0000463910
      13       3        0.0011764063
      13       4        0.0041624511
      13       5        0.0680452932
      13       6        0.0000030428
      13       7        0.0064284264
      13       8        0.0000052727
      13       9        0.0165827490
      13      10        0.0000169766
      13      11        0.0209525838
      13      12        0.0001719752
      14       1        0.4822100652
      14       2        0.0006113868
      14       3        0.0000766220
      14       4        0.0006583863
      14       5        0.0631911185
      14       6        0.0000548026
      14       7        0.0060223986
      14       8        0.0000744219
      14       9        0.0156985224
      14      10        0.0000922601
      14      11        0.0199384771
      14      12        0.0000677605
      15       1        0.4512621496
      15       2        0.0021426687
      15       3        0.0177415266
      15       4        0.0002224727
      15       5        0.0615040019
      15       6        0.0001959433
      15       7        0.0060219769
      15       8        0.0002673082
      15       9        0.0162992282
      15      10        0.0003296637
      15      11        0.0224731195
      15      12        0.0002369382
      16       1        0.4316284915
      16       2        0.0012078254
      16       3        0.0218078149
      16       4        0.0024472274
      16       5        0.0579686726
      16       6        0.0000924612
      16       7        0.0057514249
      16       8        0.0001177101
      16       9        0.0158109342
      16      10        0.0001177758
      16      11        0.0222273297
      16      12        0.0001429184
      17       1        0.4041743387
      17       2        0.0023681874
      17       3        0.0208689078
      17       4        0.0008614138
      17       5        0.0587665410
      17       6        0.0002049313
      17       7        0.0059657502
      17       8        0.0002751976
      17       9        0.0169479664
      17      10        0.0003268705
      17      11        0.0252166450
      17      12        0.0002451532
      18       1        0.3966130497
      18       2        0.0026052878
      18       3        0.0252312766
      18       4        0.0017573833
      18       5        0.0528531172
      18       6        0.0002818229
      18       7        0.0054056834
      18       8        0.0003992010
      18       9        0.0154398666
      18      10        0.0005585212
      18      11        0.0228792316
      18      12        0.0006193444
      19       1        0.3808166066
      19       2        0.0019628456
      19       3        0.0232293823
      19       4        0.0036103126
      19       5        0.0507360471
      19       6        0.0001955420
      19       7        0.0052612337
      19       8        0.0002696429
      19       9        0.0152976319
      19      10        0.0003467612
      19      11        0.0233723670
      19      12        0.0002570200
      20       1        0.4118380083
      20       2        0.0039717982
      20       3        0.0126606673
      20       4        0.0098415103
      20       5        0.0409707904
      20       6        0.0004001864
      20       7        0.0042212138
      20       8        0.0005524995
      20       9        0.0120412607
      20      10        0.0007319294
      20      11        0.0175115463
      20      12        0.0007800393
      21       1        0.3931711171
      21       2        0.0031748600
      21       3        0.0118946547
      21       4        0.0056643181
      21       5        0.0405501957
      21       6        0.0002965680
      21       7        0.0042343829
      21       8        0.0003982677
      21       9        0.0122838764
      21      10        0.0004873789
      21      11        0.0182306735
      21      12        0.0005066742
      22       1        0.3879875462
      22       2        0.0037912433
      22       3        0.0170257802
      22       4        0.0034027314
      22       5        0.0373624905
      22       6        0.0003754776
      22       7        0.0039242596
      22       8        0.0005082684
      22       9        0.0114472533
      22      10        0.0006277724
      22      11        0.0169404339
      22      12        0.0004433454
      23       1        0.4140676134
      23       2        0.0018058023
      23       3        0.0088799776
      23       4        0.0050742465
      23       5        0.0293792797
      23       6        0.0002109981
      23       7        0.0030549643
      23       8        0.0003137238
      23       9        0.0087722213
      23      10        0.0005355557
      23      11        0.0125986390
      23      12        0.0012482030
      24       1        0.4127906026
      24       2        0.0102269012
      24       3        0.0011642791
      24       4        0.0093324000
      24       5        0.0269342442
      24       6        0.0010098116
      24       7        0.0027846980
      24       8        0.0013422121
      24       9        0.0078561189
      24      10        0.0016152242
      24      11        0.0104786010
      24      12        0.0007238562
      25       1        0.4153662967
      25       2        0.0159871518
      25       3        0.0015529888
      25       4        0.0032972477
      25       5        0.0256454531
      25       6        0.0016736860
      25       7        0.0026550315
      25       8        0.0022528706
      25       9        0.0074745090
      25      10        0.0028616983
      25      11        0.0099783294
      25      12        0.0016946538
      26       1        0.4362546299
      26       2        0.0187887447
      26       3        0.0022160272
      26       4        0.0056839332
      26       5        0.0207644482
      26       6        0.0020312676
      26       7        0.0021066343
      26       8        0.0027670510
      26       9        0.0056811780
      26      10        0.0036731829
      26      11        0.0064637103
      26      12        0.0027698746
      27       1        0.4205083030
      27       2        0.0184684264
      27       3        0.0004162440
      27       4        0.0034391655
      27       5        0.0207956676
      27       6        0.0020442776
      27       7        0.0021272807
      27       8        0.0027836978
      27       9        0.0057903182
      27      10        0.0037386722
      27      11        0.0066303672
      27      12        0.0028753143
      28       1        0.4169165317
      28       2        0.0175647727
      28       3        0.0036781981
      28       4        0.0068635129
      28       5        0.0179002019
      28       6        0.0018854835
      28       7        0.0018168252
      28       8        0.0025222503
      28       9        0.0048730216
      28      10        0.0032470755
      28      11        0.0054434036
      28      12        0.0018804375
      29       1        0.4098984163
      29       2        0.0173786644
      29       3        0.0090795454
      29       4        0.0072057582
      29       5        0.0197232724
      29       6        0.0020049404
      29       7        0.0020188437
      29       8        0.0027318330
      29       9        0.0055191194
      29      10        0.0037841202
      29      11        0.0066595916
      29      12        0.0032024790
      30       1        0.4086386971
      30       2        0.0179000783
      30       3        0.0156923897
      30       4        0.0072782677
      30       5        0.0194297960
      30       6        0.0020836713
      30       7        0.0019867067
      30       8        0.0028280831
      30       9        0.0054242165
      30      10        0.0039164706
      30      11        0.0065105151
      30      12        0.0031259166
      31       1        0.3646992445
      31       2        0.0045352137
      31       3        0.0103732763
      31       4        0.0059421960
      31       5        0.0271240977
      31       6        0.0003335483
      31       7        0.0028618969
      31       8        0.0003667224
      31       9        0.0082379389
      31      10        0.0002134547
      31      11        0.0111537589
      31      12        0.0008525562
      32       1        0.3477132394
      32       2        0.0043157198
      32       3        0.0040985261
      32       4        0.0007495149
      32       5        0.0261518892
      32       6        0.0002986410
      32       7        0.0027768304
      32       8        0.0003160887
      32       9        0.0081082142
      32      10        0.0001568671
      32      11        0.0115013611
      32      12        0.0013569519
      33       1        0.3354509589
      33       2        0.0271401711
      33       3        0.0012117304
      33       4        0.0020592784
      33       5        0.0241418112
      33       6        0.0024629669
      33       7        0.0025528625
      33       8        0.0029539786
      33       9        0.0074440783
      33      10        0.0026555060
      33      11        0.0109071005
      33      12        0.0004905460
      34       1        0.3406636145
      34       2        0.0327163078
      34       3        0.0016971253
      34       4        0.0006471089
      34       5        0.0214887838
      34       6        0.0030619776
      34       7        0.0022298908
      34       8        0.0036996843
      34       9        0.0062867836
      34      10        0.0034944053
      34      11        0.0084487701
      34      12        0.0006549546
      35       1        0.3447257051
      35       2        0.0312320519
      35       3        0.0017503509
      35       4        0.0016255584
      35       5        0.0197025207
      35       6        0.0030304597
      35       7        0.0020064991
      35       8        0.0036752236
      35       9        0.0055118915
      35      10        0.0035919436
      35      11        0.0069919851
      35      12        0.0006600449
      36       1        0.3473183590
      36       2        0.0197601805
      36       3        0.0030009135
      36       4        0.0026219738
      36       5        0.0187791008
      36       6        0.0018324063
      36       7        0.0018944196
      36       8        0.0021541661
      36       9        0.0051224268
      36      10        0.0018886742
      36      11        0.0063135117
      36      12        0.0009742300
      37       1        0.3615675793
      37       2        0.0106919856
      37       3        0.0035354315
      37       4        0.0026441649
      37       5        0.0172377048
      37       6        0.0011476143
      37       7        0.0016982488
      37       8        0.0013615306
      37       9        0.0044142786
      37      10        0.0012792565
      37      11        0.0046450642
      37      12        0.0002225362
      38       1        0.3442764733
      38       2        0.0087851959
      38       3        0.0091232203
      38       4        0.0043102210
      38       5        0.0196672785
      38       6        0.0006922360
      38       7        0.0019508185
      38       8        0.0008329369
      38       9        0.0052154734
      38      10        0.0007794105
      38      11        0.0061285607
      38      12        0.0004839426
      39       1        0.3245193394
      39       2        0.0351206901
      39       3        0.0042271161
      39       4        0.0022343335
      39       5        0.0191624374
      39       6        0.0030387865
      39       7        0.0018858814
      39       8        0.0035509412
      39       9        0.0049764065
      39      10        0.0030231570
      39      11        0.0055461978
      39      12        0.0012423779
      40       1        0.3320339857
      40       2        0.0442714445
      40       3        0.0030774408
      40       4        0.0029154917
      40       5        0.0179787773
      40       6        0.0039701718
      40       7        0.0017556890
      40       8        0.0046118531
      40       9        0.0046190308
      40      10        0.0039004862
      40      11        0.0053206420
      40      12        0.0013892018
      41       1        0.3418839591
      41       2        0.0400910795
      41       3        0.0022772766
      41       4        0.0026147268
      41       5        0.0158972395
      41       6        0.0036278235
      41       7        0.0015265207
      41       8        0.0041483059
      41       9        0.0039309608
      41      10        0.0033020745
      41      11        0.0043797213
      41      12        0.0017761414
      42       1        0.1816506700
      42       2        0.0096325018
      42       3        0.0066375904
      42       4        0.0042712909
      42       5        0.0583857110
      42       6        0.0013654565
      42       7        0.0063239284
      42       8        0.0015605323
      42       9        0.0201978304
      42      10        0.0017699865
      42      11        0.0387628457
      42      12        0.0058054452
      43       1        0.1604301532
      43       2        0.0027521753
      43       3        0.0111192755
      43       4        0.0058514384
      43       5        0.0609864481
      43       6        0.0000834834
      43       7        0.0066050433
      43       8        0.0000855852
      43       9        0.0211541942
      43      10        0.0003105819
      43      11        0.0402506933
      43      12        0.0134323013
      44       1        0.1589119284
      44       2        0.0026257377
      44       3        0.0111147674
      44       4        0.0024220505
      44       5        0.0593284359
      44       6        0.0000722033
      44       7        0.0063894202
      44       8        0.0000749572
      44       9        0.0204108295
      44      10        0.0003575639
      44      11        0.0383160481
      44      12        0.0125141952
      45       1        0.1663912234
      45       2        0.0650622601
      45       3        0.0145616923
      45       4        0.0036557855
      45       5        0.0522651060
      45       6        0.0032397812
      45       7        0.0055868781
      45       8        0.0028239251
      45       9        0.0177335637
      45      10        0.0000469912
      45      11        0.0329747057
      45      12        0.0440433791
      46       1        0.1520669027
      46       2        0.0385088382
      46       3        0.0117441550
      46       4        0.0120491652
      46       5        0.0586267277
      46       6        0.0020307905
      46       7        0.0063836371
      46       8        0.0018369760
      46       9        0.0215760836
      46      10        0.0095776710
      46      11        0.0357549849
      46      12        0.0594031306
      47       1        0.1410061189
      47       2        0.0112651443
      47       3        0.0064072402
      47       4        0.0086037658
      47       5        0.0624879806
      47       6        0.0010750128
      47       7        0.0070234706
      47       8        0.0021848696
      47       9        0.0262446573
      47      10        0.0605839341
      47      11        0.0045799661
      47      12        0.0199782506
      48       1        0.1317868011
      48       2        0.0126343583
      48       3        0.0142958334
      48       4        0.0038596726
      48       5        0.0639308881
      48       6        0.0016890029
      48       7        0.0071688874
      48       8        0.0032684442
      48       9        0.0267243630
      48      10        0.0665015533
      48      11        0.0065728828
      48      12        0.0214248908
      49       1        0.0350791195
      49       2        0.0119447503
      49       3        0.0154301139
      49       4        0.0067337523
      49       5        0.0957193198
      49       6        0.0027700984
      49       7        0.0110394518
      49       8        0.0444262449
      49       9        0.0125245270
      49      10        0.0305736882
      49      11        0.0738007694
      49      12        0.0080080027
      50       1        0.0282794597
      50       2        0.0128464109
      50       3        0.0126742837
      50       4        0.0033416312
      50       5        0.0937444315
      50       6        0.0039750537
      50       7        0.0107442359
      50       8        0.0664632772
      50       9        0.0028504844
      50      10        0.0149146723
      50      11        0.0693044672
      50      12        0.0251199122
      51       1        0.0189865694
      51       2        0.0032349015
      51       3        0.0043064746
      51       4        0.0114440042
      51       5        0.0856684916
      51       6        0.0207261979
      51       7        0.0147724343
      51       8        0.0523631617
      51       9        0.0230169721
      51      10        0.0225691518
      51      11        0.0678756039
      51      12        0.0204720970
      52       1        0.0227917313
      52       2        0.0016653168
      52       3        0.0032697428
      52       4        0.0142637404
      52       5        0.0872068721
      52       6        0.0178148904
      52       7        0.0142332064
      52       8        0.0550974903
      52       9        0.0212287113
      52      10        0.0226230134
      52      11        0.0684646744
      52      12        0.0190559027
      53       1        0.0229806392
      53       2        0.0046594173
      53       3        0.0043044355
      53       4        0.0090002153
      53       5        0.0928472984
      53       6        0.0197715377
      53       7        0.0139861971
      53       8        0.0407451435
      53       9        0.0185845252
      53      10        0.0375745091
      53      11        0.0652529946
      53      12        0.0301538936
      54       1        0.0223293640
      54       2        0.0055028336
      54       3        0.0035654124
      54       4        0.0036318588
      54       5        0.0871934227
      54       6        0.0165431307
      54       7        0.0136642983
      54       8        0.0400378633
      54       9        0.0199554555
      54      10        0.0435363192
      54      11        0.0694988344
      54      12        0.0311778204
      55       1        0.0194896382
      55       2        0.0065633306
      55       3        0.0026297761
      55       4        0.0038858996
      55       5        0.0907395831
      55       6        0.0199527463
      55       7        0.0140459887
      55       8        0.0454743307
      55       9        0.0196015110
      55      10        0.0277092300
      55      11        0.0645896685
      55      12        0.0238667765
      56       1        0.0155810254
      56       2        0.0097438722
      56       3        0.0037043855
      56       4        0.0007706048
      56       5        0.0941155748
      56       6        0.0189166854
      56       7        0.0147119303
      56       8        0.0338894380
      56       9        0.0202331516
      56      10        0.0457152534
      56      11        0.0593442759
      56      12        0.0301741504
      57       1        0.0231006268
      57       2        0.0030988592
      57       3        0.0032442319
      57       4        0.0060396953
      57       5        0.0889698983
      57       6        0.0167478599
      57       7        0.0138870820
      57       8        0.0457873879
      57       9        0.0202376828
      57      10        0.0304075912
      57      11        0.0190800339
      57      12        0.0667777002
      58       1        0.0227892190
      58       2        0.0031945653
      58       3        0.0083886782
      58       4        0.0049264487
      58       5        0.0833333662
      58       6        0.0133942548
      58       7        0.0126997064
      58       8        0.0372847301
      58       9        0.0193707106
      58      10        0.0370845023
      58      11        0.0247771167
      58      12        0.0684404100
      59       1        0.0248805719
      59       2        0.0040209392
      59       3        0.0077998117
      59       4        0.0055874417
      59       5        0.0812129560
      59       6        0.0127979948
      59       7        0.0124913769
      59       8        0.0341492320
      59       9        0.0198069132
      59      10        0.0421270564
      59      11        0.0229247977
      59      12        0.0703012315
      60       1        0.0104231656
      60       2        0.0342083351
      60       3        0.0003892987
      60       4        0.0008610925
      60       5        0.0774288004
      60       6        0.0222794018
      60       7        0.0145389666
      60       8        0.0477684621
      60       9        0.0269129390
      60      10        0.0265169654
      60      11        0.0178381707
      60      12        0.0664957858
      61       1        0.0066161802
      61       2        0.0590076421
      61       3        0.0005889206
      61       4        0.0026748184
      61       5        0.0781335958
      61       6        0.0234922802
      61       7        0.0149388129
      61       8        0.0438616108
      61       9        0.0278176302
      61      10        0.0280752886
      61      11        0.0181970844
      61      12        0.0639193676
      62       1        0.0061503526
      62       2        0.0559200691
      62       3        0.0028468265
      62       4        0.0005020518
      62       5        0.0797080320
      62       6        0.0232998746
      62       7        0.0151233939
      62       8        0.0417805431
      62       9        0.0278175378
      62      10        0.0301534992
      62      11        0.0179256573
      62      12        0.0612498823
      63       1        0.0075822386
      63       2        0.0486120955
      63       3        0.0014558150
      63       4        0.0003390846
      63       5        0.0801339782
      63       6        0.0245844223
      63       7        0.0141126436
      63       8        0.0417473024
      63       9        0.0245700117
      63      10        0.0296843083
      63      11        0.0180233780
      63      12        0.0598182991
      64       1        0.0142007970
      64       2        0.0162444338
      64       3        0.0098667833
      64       4        0.0006196214
      64       5        0.0776586631
      64       6        0.0161390486
      64       7        0.0133994343
      64       8        0.0351880395
      64       9        0.0239073118
      64      10        0.0420599353
      64      11        0.0184115971
      64      12        0.0653022297
      65       1        0.0163040896
      65       2        0.0049601216
      65       3        0.0055378356
      65       4        0.0030840580
      65       5        0.0858626887
      65       6        0.0140990666
      65       7        0.0123987345
      65       8        0.0228956200
      65       9        0.0185141396
      65      10        0.0493154525
      65      11        0.0272413999
      65      12        0.0617898964
      66       1        0.0191969181
      66       2        0.0017670341
      66       3        0.0062090188
      66       4        0.0016632319
      66       5        0.0853918544
      66       6        0.0210013182
      66       7        0.0123272603
      66       8        0.0258792104
      66       9        0.0185571751
      66      10        0.0403437281
      66      11        0.0257052175
      66      12        0.0603224939
      67       1        0.0212994670
      67       2        0.0025835211
      67       3        0.0029633105
      67       4        0.0015599746
      67       5        0.0808970351
      67       6        0.0191231717
      67       7        0.0115847631
      67       8        0.0256042694
      67       9        0.0185697804
      67      10        0.0424620844
      67      11        0.0236671277
      67      12        0.0674429337
      68       1        0.0210074229
      68       2        0.0031550356
      68       3        0.0041926942
      68       4        0.0020076333
      68       5        0.0813678008
      68       6        0.0169946077
      68       7        0.0114034649
      68       8        0.0223294936
      68       9        0.0180023948
      68      10        0.0460052051
      68      11        0.0243882333
      68      12        0.0660851098
      69       1        0.0207074062
      69       2        0.0030042604
      69       3        0.0040070376
      69       4        0.0025329718
      69       5        0.0822020417
      69       6        0.0147240151
      69       7        0.0115106342
      69       8        0.0182917665
      69       9        0.0179656973
      69      10        0.0506269092
      69      11        0.0260852257
      69      12        0.0628899615
      70       1        0.0232422527
      70       2        0.0015166052
      70       3        0.0067576758
      70       4        0.0013090198
      70       5        0.0838297348
      70       6        0.0160907159
      70       7        0.0113386381
      70       8        0.0167381266
      70       9        0.0526342448
      70      10        0.0169897257
      70      11        0.0254591158
      70      12        0.0606050314
      71       1        0.0243634164
      71       2        0.0023870594
      71       3        0.0084084962
      71       4        0.0019936219
      71       5        0.0143150210
      71       6        0.0836902865
      71       7        0.0110992147
      71       8        0.0159175234
      71       9        0.0537796167
      71      10        0.0166937046
      71      11        0.0270838462
      71      12        0.0630976362
      72       1        0.0094268918
      72       2        0.0324345873
      72       3        0.0006928770
      72       4        0.0013818640
      72       5        0.0112765625
      72       6        0.0852475443
      72       7        0.0116385241
      72       8        0.0215351596
      72       9        0.0527551629
      72      10        0.0167483782
      72      11        0.0172163870
      72      12        0.0533032849
      73       1        0.0091122310
      73       2        0.0336705451
      73       3        0.0005943308
      73       4        0.0012461645
      73       5        0.0093734519
      73       6        0.0844719327
      73       7        0.0115493052
      73       8        0.0218648037
      73       9        0.0538061143
      73      10        0.0169093967
      73      11        0.0168105092
      73      12        0.0532483262
      74       1        0.0248081893
      74       2        0.0013378339
      74       3        0.0035520505
      74       4        0.0015667880
      74       5        0.0097339006
      74       6        0.0796395729
      74       7        0.0111448514
      74       8        0.0175081154
      74       9        0.0547293626
      74      10        0.0178471596
      74      11        0.0207646171
      74      12        0.0603185261
      75       1        0.0208140144
      75       2        0.0033026001
      75       3        0.0064264160
      75       4        0.0008653582
      75       5        0.0112728679
      75       6        0.0786662823
      75       7        0.0116982629
      75       8        0.0163021995
      75       9        0.0555710133
      75      10        0.0195943397
      75      11        0.0217434547
      75      12        0.0557458469
      76       1        0.0210031524
      76       2        0.0037538234
      76       3        0.0071056285
      76       4        0.0009904089
      76       5        0.0094784632
      76       6        0.0792429239
      76       7        0.0117270359
      76       8        0.0159797768
      76       9        0.0566733762
      76      10        0.0196862203
      76      11        0.0232137074
      76      12        0.0538260230
      77       1        0.0242582418
      77       2        0.0025857836
      77       3        0.0072138559
      77       4        0.0020118562
      77       5        0.0025373071
      77       6        0.0825103496
      77       7        0.0117278011
      77       8        0.0163247706
      77       9        0.0622978718
      77      10        0.0185233867
      77      11        0.0232950987
      77      12        0.0486608322
      78       1        0.0283610859
      78       2        0.0040447882
      78       3        0.0040827670
      78       4        0.0019134940
      78       5        0.0020111508
      78       6        0.0610356335
      78       7        0.0106741597
      78       8        0.0153781542
      78       9        0.0769204867
      78      10        0.0243129306
      78      11        0.0269544133
      78      12        0.0654686012
      79       1        0.0293762366
      79       2        0.0032255201
      79       3        0.0020527398
      79       4        0.0018264006
      79       5        0.0012243908
      79       6        0.0574752128
      79       7        0.0103158521
      79       8        0.0164392024
      79       9        0.0769555695
      79      10        0.0252030785
      79      11        0.0251091865
      79      12        0.0717774110
      80       1        0.0303199652
      80       2        0.0123587347
      80       3        0.0015381851
      80       4        0.0006695980
      80       5        0.0000539685
      80       6        0.0724809952
      80       7        0.0111302872
      80       8        0.0227501018
      80       9        0.0690097742
      80      10        0.0223063984
      80      11        0.0153017807
      80      12        0.0686026635
      81       1        0.0333267586
      81       2        0.0120334028
      81       3        0.0023803183
      81       4        0.0008436337
      81       5        0.0004436599
      81       6        0.0695747726
      81       7        0.0106202239
      81       8        0.0233538390
      81       9        0.0664612057
      81      10        0.0221553481
      81      11        0.0142877318
      81      12        0.0736254425
      82       1        0.0332221191
      82       2        0.0086103135
      82       3        0.0015763931
      82       4        0.0009998192
      82       5        0.0001917081
      82       6        0.0674248254
      82       7        0.0103689713
      82       8        0.0228398097
      82       9        0.0659117226
      82      10        0.0224510191
      82      11        0.0143636660
      82      12        0.0750222182
      83       1        0.0353637322
      83       2        0.0138131250
      83       3        0.0094576691
      83       4        0.0000860045
      83       5        0.0010674471
      83       6        0.0688301559
      83       7        0.0133850108
      83       8        0.0176081228
      83       9        0.0665765325
      83      10        0.0314408698
      83      11        0.0196715664
      83      12        0.0206736674
      84       1        0.0290975018
      84       2        0.0046655668
      84       3        0.0130731444
      84       4        0.0001791682
      84       5        0.0017010930
      84       6        0.0618295206
      84       7        0.0094762984
      84       8        0.0180046941
      84       9        0.0650869530
      84      10        0.0223760115
      84      11        0.0183196743
      84      12        0.0102675456
      85       1        0.0265947321
      85       2        0.0044741882
      85       3        0.0084631131
      85       4        0.0001075879
      85       5        0.0022180413
      85       6        0.0644603584
      85       7        0.0097340135
      85       8        0.0171417906
      85       9        0.0652271121
      85      10        0.0219547536
      85      11        0.0188919262
      85      12        0.0121996033
      86       1        0.0288319733
      86       2        0.0033671424
      86       3        0.0067249661
      86       4        0.0001351580
      86       5        0.0026446615
      86       6        0.0629738799
      86       7        0.0165343658
      86       8        0.0093790103
      86       9        0.0663988171
      86      10        0.0216764465
      86      11        0.0199732669
      86      12        0.0110697634
      87       1        0.0260591007
      87       2        0.0028238218
      87       3        0.0046996502
      87       4        0.0004761800
      87       5        0.0004474588
      87       6        0.0637077182
      87       7        0.0175324578
      87       8        0.0095340667
      87       9        0.0658277644
      87      10        0.0218330524
      87      11        0.0190198973
      87      12        0.0143029802
      88       1        0.0237959428
      88       2        0.0220606272
      88       3        0.0021756451
      88       4        0.0000555766
      88       5        0.0017309222
      88       6        0.0707596021
      88       7        0.0175432528
      88       8        0.0135263573
      88       9        0.0636126865
      88      10        0.0317347878
      88      11        0.0177839718
      88      12        0.0253243915
      89       1        0.0227513747
      89       2        0.0290886908
      89       3        0.0017208047
      89       4        0.0000667717
      89       5        0.0013458352
      89       6        0.0667204285
      89       7        0.0174461864
      89       8        0.0124427420
      89       9        0.0624730726
      89      10        0.0295453283
      89      11        0.0174028834
      89      12        0.0152850348
      90       1        0.0205137114
      90       2        0.0344159587
      90       3        0.0027479757
      90       4        0.0002191120
      90       5        0.0000125233
      90       6        0.0684686245
      90       7        0.0188562806
      90       8        0.0121737703
      90       9        0.0612534249
      90      10        0.0280588631
      90      11        0.0157308747
      90      12        0.0078640882
      91       1        0.0238299512
      91       2        0.0312738814
      91       3        0.0120588954
      91       4        0.0028400736
      91       5        0.0001143386
      91       6        0.0798256677
      91       7        0.0180683120
      91       8        0.0142766400
      91       9        0.0632535148
      91      10        0.0303780237
      91      11        0.0167096962
      91      12        0.0101933769
      92       1        0.0045886056
      92       2        0.0180889266
      92       3        0.0013855216
      92       4        0.0023588204
      92       5        0.0003855638
      92       6        0.0708149285
      92       7        0.0174558366
      92       8        0.0107190868
      92       9        0.0590533203
      92      10        0.0215388621
      92      11        0.0171727038
      92      12        0.0019166431
      93       1        0.0049088459
      93       2        0.0200213769
      93       3        0.0079576291
      93       4        0.0037620728
      93       5        0.0005548931
      93       6        0.0665980731
      93       7        0.0174214565
      93       8        0.0103472414
      93       9        0.0590451206
      93      10        0.0221188672
      93      11        0.0178720169
      93      12        0.0008160003
      94       1        0.0042234444
      94       2        0.0203339567
      94       3        0.0074403634
      94       4        0.0034073559
      94       5        0.0007431855
      94       6        0.0669446491
      94       7        0.0173734344
      94       8        0.0104752973
      94       9        0.0583412274
      94      10        0.0225890399
      94      11        0.0178259775
      94      12        0.0012422159
      95       1        0.0091102385
      95       2        0.0111896674
      95       3        0.0050804355
      95       4        0.0006936025
      95       5        0.0009854432
      95       6        0.0906633713
      95       7        0.0204229246
      95       8        0.0080412425
      95       9        0.0541627112
      95      10        0.0108067341
      95      11        0.0018467333
      95      12        0.0165608691
      96       1        0.0073818934
      96       2        0.0183256995
      96       3        0.0161270442
      96       4        0.0012211224
      96       5        0.0007743281
      96       6        0.0905587359
      96       7        0.0201488797
      96       8        0.0077592274
      96       9        0.0526948655
      96      10        0.0122893394
      96      11        0.0082287381
      96      12        0.0166292929
      97       1        0.0189356905
      97       2        0.0697760707
      97       3        0.0361404028
      97       4        0.0123922224
      97       5        0.0030169557
      97       6        0.0288501852
      97       7        0.0192133168
      97       8        0.0100311489
      97       9        0.0494930387
      97      10        0.0360022035
      97      11        0.0078638930
      97      12        0.0021492468
      98       1        0.0090205807
      98       2        0.0991346707
      98       3        0.0020841245
      98       4        0.0108610378
      98       5        0.0057370952
      98       6        0.0468699631
      98       7        0.0186425574
      98       8        0.0127682617
      98       9        0.0475685916
      98      10        0.0394390619
      98      11        0.0092893693
      98      12        0.0015777355
      99       1        0.0085945285
      99       2        0.0978295828
      99       3        0.0034275026
      99       4        0.0114101822
      99       5        0.0045437285
      99       6        0.0499210044
      99       7        0.0192895156
      99       8        0.0129537176
      99       9        0.0461706009
      99      10        0.0386364089
      99      11        0.0149509056
      99      12        0.0015466466
     100       1        0.0375812049
     100       2        0.0456330002
     100       3        0.0021319491
     100       4        0.0023852742
     100       5        0.0001678960
     100       6        0.0413160089
     100       7        0.0454974675
     100       8        0.0016406325
     100       9        0.0096352325
     100      10        0.0860456781
     100      11        0.0172364414
     100      12        0.0004173704
     101       1        0.0686063255
     101       2        0.0014834239
     101       3        0.0009489310
     101       4        0.0019000866
     101       5        0.1363460457
     101       6        0.0525320119
     101       7        0.0057292407
     101       8        0.0030731451
     101       9        0.0668206632
     101      10        0.0003322128
     101      11        0.0114506918
     101      12        0.0005219358
     102       1        0.0607174165
     102       2        0.0041041822
     102       3        0.0014030027
     102       4        0.0022063357
     102       5        0.1619819728
     102       6        0.0016282568
     102       7        0.0194791894
     102       8        0.0508826621
     102       9        0.0350020282
     102      10        0.0006930480
     102      11        0.0116190272
     102      12        0.0000165299
     103       1        0.0049915481
     103       2        0.0040775376
     103       3        0.0020391253
     103       4        0.0008519574
     103       5        0.1333054486
     103       6        0.0016778539
     103       7        0.0159973935
     103       8        0.0505879841
     103       9        0.0138819075
     103      10        0.0005369214
     103      11        0.0515388373
     103      12        0.0002313344
     104       1        0.1530012569
     104       2        0.0056746752
     104       3        0.0047941459
     104       4        0.0007187570
     104       5        0.0742657144
     104       6        0.0000053216
     104       7        0.0084956296
     104       8        0.0000856782
     104       9        0.0295691794
     104      10        0.0493357050
     104      11        0.0432974127
     104      12        0.0001337818
     105       1        0.1367889748
     105       2        0.0070138678
     105       3        0.0023397970
     105       4        0.0021892733
     105       5        0.0812732232
     105       6        0.0000235036
     105       7        0.0093204409
     105       8        0.0000448427
     105       9        0.0326148273
     105      10        0.0451079687
     105      11        0.0463373209
     105      12        0.0009142656
     106       1        0.0917148724
     106       2        0.0079113883
     106       3        0.0012461177
     106       4        0.0011169399
     106       5        0.0731723125
     106       6        0.0000278750
     106       7        0.0083464826
     106       8        0.0000159105
     106       9        0.0296230563
     106      10        0.0428345905
     106      11        0.0366162012
     106      12        0.0009222448
     107       1        0.1358006723
     107       2        0.0069406754
     107       3        0.0022628104
     107       4        0.0116618348
     107       5        0.0520127528
     107       6        0.0002491080
     107       7        0.0057522692
     107       8        0.0003313938
     107       9        0.0191083863
     107      10        0.0003488215
     107      11        0.0415932386
     107      12        0.0380830574
     108       1        0.1455269264
     108       2        0.0063923077
     108       3        0.0032257887
     108       4        0.0031524278
     108       5        0.0781937847
     108       6        0.0001626454
     108       7        0.0088202103
     108       8        0.0001946070
     108       9        0.0298445665
     108      10        0.0001292237
     108      11        0.0632471749
     108      12        0.0436953869
     109       1        0.1418189023
     109       2        0.0068445131
     109       3        0.0012039687
     109       4        0.0003773194
     109       5        0.0813592669
     109       6        0.0002273234
     109       7        0.0091403462
     109       8        0.0002911318
     109       9        0.0307057592
     109      10        0.0002577567
     109      11        0.0640184681
     109      12        0.0388331760
     110       1        0.1079068859
     110       2        0.0082988721
     110       3        0.0065537155
     110       4        0.0008607984
     110       5        0.0831285503
     110       6        0.0003137214
     110       7        0.0093760491
     110       8        0.0004142489
     110       9        0.0316962086
     110      10        0.0004200586
     110      11        0.0676394555
     110      12        0.0345530080
     111       1        0.2286479101
     111       2        0.0055896834
     111       3        0.0092921682
     111       4        0.0009293861
     111       5        0.0210989558
     111       6        0.0003883619
     111       7        0.0022024040
     111       8        0.0005302327
     111       9        0.0064703495
     111      10        0.0006556568
     111      11        0.0093007557
     111      12        0.0002437764
     112       1        0.2565580378
     112       2        0.0052060540
     112       3        0.0006635087
     112       4        0.0001363069
     112       5        0.0215609609
     112       6        0.0003625405
     112       7        0.0022448801
     112       8        0.0004918402
     112       9        0.0065587653
     112      10        0.0005932442
     112      11        0.0091150640
     112      12        0.0001711756
     113       1        0.2755663438
     113       2        0.0060145937
     113       3        0.0073907112
     113       4        0.0007676648
     113       5        0.0192967323
     113       6        0.0004097479
     113       7        0.0019733565
     113       8        0.0005523015
     113       9        0.0055535780
     113      10        0.0006549960
     113      11        0.0070633482
     113      12        0.0001118232
     114       1        0.2630645449
     114       2        0.0041814051
     114       3        0.0006627219
     114       4        0.0071205732
     114       5        0.0240991542
     114       6        0.0002226858
     114       7        0.0025488609
     114       8        0.0002772301
     114       9        0.0075586377
     114      10        0.0002461785
     114      11        0.0110898933
     114      12        0.0001399176
     115       1        0.2533859384
     115       2        0.0054317812
     115       3        0.0020542347
     115       4        0.0269947840
     115       5        0.0286101444
     115       6        0.0003341721
     115       7        0.0030611698
     115       8        0.0004345474
     115       9        0.0092556640
     115      10        0.0004581091
     115      11        0.0140387307
     115      12        0.0000793375
     116       1        0.2257645196
     116       2        0.0049849985
     116       3        0.0052357705
     116       4        0.0255223480
     116       5        0.0333802764
     116       6        0.0004554372
     116       7        0.0035921115
     116       8        0.0006153658
     116       9        0.0109347324
     116      10        0.0007498630
     116      11        0.0171118346
     116      12        0.0003989292
     117       1        0.2399232879
     117       2        0.0033537797
     117       3        0.0071003077
     117       4        0.0162436648
     117       5        0.0307629500
     117       6        0.0002976654
     117       7        0.0033050040
     117       8        0.0003901450
     117       9        0.0099251119
     117      10        0.0004316070
     117      11        0.0151628619
     117      12        0.0001284061
     118       1        0.2470238283
     118       2        0.0031954589
     118       3        0.0037082910
     118       4        0.0113968707
     118       5        0.0308906363
     118       6        0.0002426981
     118       7        0.0033251690
     118       8        0.0003014191
     118       9        0.0099946259
     118      10        0.0002732975
     118      11        0.0154050437
     118      12        0.0000054870
     119       1        0.2484167010
     119       2        0.0036365378
     119       3        0.0041071444
     119       4        0.0009105402
     119       5        0.0319034910
     119       6        0.0002759324
     119       7        0.0034520212
     119       8        0.0003430410
     119       9        0.0103989424
     119      10        0.0003137391
     119      11        0.0159345328
     119      12        0.0000066592
     120       1        0.2693793881
     120       2        0.0036248332
     120       3        0.0085265952
     120       4        0.0090996152
     120       5        0.0319945906
     120       6        0.0002981008
     120       7        0.0034316206
     120       8        0.0003806430
     120       9        0.0103138217
     120      10        0.0003880177
     120      11        0.0160042687
     120      12        0.0000477735
     121       1        0.3055872740
     121       2        0.0032029116
     121       3        0.0112460659
     121       4        0.0135157172
     121       5        0.0296036431
     121       6        0.0002597385
     121       7        0.0031589006
     121       8        0.0003270867
     121       9        0.0094250544
     121      10        0.0003239671
     121      11        0.0143572890
     121      12        0.0001351997
     122       1        0.3884279201
     122       2        0.0049349471
     122       3        0.0033487174
     122       4        0.0120591162
     122       5        0.0086837723
     122       6        0.0005213702
     122       7        0.0008268651
     122       8        0.0007192801
     122       9        0.0020212957
     122      10        0.0009690356
     122      11        0.0020542253
     122      12        0.0008774945
     123       1        0.3969232090
     123       2        0.0025026666
     123       3        0.0060223930
     123       4        0.0241199969
     123       5        0.0112340749
     123       6        0.0002588478
     123       7        0.0011241123
     123       8        0.0003449115
     123       9        0.0030243122
     123      10        0.0004242424
     123      11        0.0040070910
     123      12        0.0003102442
     124       1        0.3953243868
     124       2        0.0020954819
     124       3        0.0005057830
     124       4        0.0151319219
     124       5        0.0111113496
     124       6        0.0002155085
     124       7        0.0011221782
     124       8        0.0002820118
     124       9        0.0030104056
     124      10        0.0003282973
     124      11        0.0040198876
     124      12        0.0002157623
     125       1        0.3985877578
     125       2        0.0024263421
     125       3        0.0022271535
     125       4        0.0071614952
     125       5        0.0118147653
     125       6        0.0002714663
     125       7        0.0011999492
     125       8        0.0003663674
     125       9        0.0033007122
     125      10        0.0004737048
     125      11        0.0044435966
     125      12        0.0003373156
     126       1        0.4009901040
     126       2        0.0024228214
     126       3        0.0058681604
     126       4        0.0058138481
     126       5        0.0112341651
     126       6        0.0002459207
     126       7        0.0011345336
     126       8        0.0003200763
     126       9        0.0030626257
     126      10        0.0003695192
     126      11        0.0038709314
     126      12        0.0001413835
     127       1        0.4156867976
     127       2        0.0027055900
     127       3        0.0037060125
     127       4        0.0060452115
     127       5        0.0121049954
     127       6        0.0003087964
     127       7        0.0012195043
     127       8        0.0004179532
     127       9        0.0033093662
     127      10        0.0005614804
     127      11        0.0043464801
     127      12        0.0005221001
     128       1        0.4042431273
     128       2        0.0022810558
     128       3        0.0103249470
     128       4        0.0044165195
     128       5        0.0147626042
     128       6        0.0002609284
     128       7        0.0015196525
     128       8        0.0003477505
     128       9        0.0042326176
     128      10        0.0004442545
     128      11        0.0057376127
     128      12        0.0002495607
     129       1        0.4184147625
     129       2        0.0020906943
     129       3        0.0030646584
     129       4        0.0305363932
     129       5        0.0178658760
     129       6        0.0002109824
     129       7        0.0018277153
     129       8        0.0002679058
     129       9        0.0050397575
     129      10        0.0002934700
     129      11        0.0065743538
     129      12        0.0000864088
     130       1        0.3948144866
     130       2        0.0017344019
     130       3        0.0053584071
     130       4        0.0328901277
     130       5        0.0262887934
     130       6        0.0001625029
     130       7        0.0027522952
     130       8        0.0002075009
     130       9        0.0079117432
     130      10        0.0002282822
     130      11        0.0113787881
     130      12        0.0000445177
     131       1        0.4220586844
     131       2        0.0014169010
     131       3        0.0041989463
     131       4        0.0313786561
     131       5        0.0235183823
     131       6        0.0001341013
     131       7        0.0024045788
     131       8        0.0001683734
     131       9        0.0066139495
     131      10        0.0001743463
     131      11        0.0085376719
     131      12        0.0000059293
     132       1        0.4154568473
     132       2        0.0016099104
     132       3        0.0087517955
     132       4        0.0487793930
     132       5        0.0271130987
     132       6        0.0001822426
     132       7        0.0027872826
     132       8        0.0002428746
     132       9        0.0078107868
     132      10        0.0003196238
     132      11        0.0106679948
     132      12        0.0001683876
     133       1        0.3937142034
     133       2        0.0014068988
     133       3        0.0164704915
     133       4        0.0290583107
     133       5        0.0355907248
     133       6        0.0001655829
     133       7        0.0037258121
     133       8        0.0002201861
     133       9        0.0107676636
     133      10        0.0002917008
     133      11        0.0160961737
     133      12        0.0001614423
     134       1        0.4071308646
     134       2        0.0012375442
     134       3        0.0056707379
     134       4        0.0225335357
     134       5        0.0407453575
     134       6        0.0001404859
     134       7        0.0042451649
     134       8        0.0001817248
     134       9        0.0123459388
     134      10        0.0002207222
     134      11        0.0193384212
     134      12        0.0000540917
     135       1        0.4238425778
     135       2        0.0003139741
     135       3        0.0189033616
     135       4        0.0140819726
     135       5        0.0412360962
     135       6        0.0000314050
     135       7        0.0042520748
     135       8        0.0000384218
     135       9        0.0122405424
     135      10        0.0000378457
     135      11        0.0183690872
     135      12        0.0000063714
     136       1        0.3883471989
     136       2        0.0000020840
     136       3        0.0646436182
     136       4        0.0206368334
     136       5        0.0494152677
     136       6        0.0000007090
     136       7        0.0051216120
     136       8        0.0000012137
     136       9        0.0150289417
     136      10        0.0000034503
     136      11        0.0233010477
     136      12        0.0000134136
     137       1        0.3600077788
     137       2        0.0000004233
     137       3        0.0544139966
     137       4        0.0147929976
     137       5        0.0633938351
     137       6        0.0000001211
     137       7        0.0065556291
     137       8        0.0000002246
     137       9        0.0192602579
     137      10        0.0000007360
     137      11        0.0299302519
     137      12        0.0000032146
     138       1        0.4254921901
     138       2        0.0000127826
     138       3        0.0375049287
     138       4        0.0142452795
     138       5        0.0580828052
     138       6        0.0000040378
     138       7        0.0057993086
     138       8        0.0000069538
     138       9        0.0162436885
     138      10        0.0000210435
     138      11        0.0231933501
     138      12        0.0000749320
     139       1        0.4747041181
     139       2        0.0000125716
     139       3        0.0102292002
     139       4        0.0149196309
     139       5        0.0562217544
     139       6        0.0000001928
     139       7        0.0054013910
     139       8        0.0000011425
     139       9        0.0142981115
     139      10        0.0000146713
     139      11        0.0188217611
     139      12        0.0001462062
     140       1        0.5213060159
     140       2        0.0000276143
     140       3        0.0227458098
     140       4        0.0121118631
     140       5        0.0517291369
     140       6        0.0000046679
     140       7        0.0047764199
     140       8        0.0000072201
     140       9        0.0118713227
     140      10        0.0000196776
     140      11        0.0134927535
     140      12        0.0000590603
     141       1        0.5187492449
     141       2        0.0000070453
     141       3        0.0348122399
     141       4        0.0082442834
     141       5        0.0594229804
     141       6        0.0000038110
     141       7        0.0054399059
     141       8        0.0000070920
     141       9        0.0134036315
     141      10        0.0000285719
     141      11        0.0150442952
     141      12        0.0001080021
     142       1        0.5362407795
     142       2        0.0000360788
     142       3        0.0273799227
     142       4        0.0093790543
     142       5        0.0641497095
     142       6        0.0000029722
     142       7        0.0057304875
     142       8        0.0000035342
     142       9        0.0134994676
     142      10        0.0000037156
     142      11        0.0130006070
     142      12        0.0000019363
     143       1        0.5558684574
     143       2        0.0000043748
     143       3        0.0108266341
     143       4        0.0108566880
     143       5        0.0724060627
     143       6        0.0000004614
     143       7        0.0063921702
     143       8        0.0000006927
     143       9        0.0149560008
     143      10        0.0000021368
     143      11        0.0145668436
     143      12        0.0000087705
     144       1        0.5677456844
     144       2        0.0000116674
     144       3        0.0173615556
     144       4        0.0084789409
     144       5        0.0757487553
     144       6        0.0000074079
     144       7        0.0065607992
     144       8        0.0000141682
     144       9        0.0149753513
     144      10        0.0000595976
     144      11        0.0137590308
     144      12        0.0001683587
     145       1        0.5704163303
     145       2        0.0000083131
     145       3        0.0080320482
     145       4        0.0159390741
     145       5        0.0889467112
     145       6        0.0000063912
     145       7        0.0077998493
     145       8        0.0000126415
     145       9        0.0185008642
     145      10        0.0000572196
     145      11        0.0203878882
     145      12        0.0001511277
     146       1        0.5810515588
     146       2        0.0000137560
     146       3        0.0130389627
     146       4        0.0045856476
     146       5        0.0939467941
     146       6        0.0000154471
     146       7        0.0081621150
     146       8        0.0000314589
     146       9        0.0192130735
     146      10        0.0001513204
     146      11        0.0211398356
     146      12        0.0003611303
     147       1        0.5910060846
     147       2        0.0000016808
     147       3        0.0278607310
     147       4        0.0028462533
     147       5        0.0938294357
     147       6        0.0000081587
     147       7        0.0079741694
     147       8        0.0000186694
     147       9        0.0181592872
     147      10        0.0001077559
     147      11        0.0175085688
     147      12        0.0002577624
     148       1        0.5885824200
     148       2        0.0000054291
     148       3        0.0208078086
     148       4        0.0008030439
     148       5        0.1012180362
     148       6        0.0000103195
     148       7        0.0085775707
     148       8        0.0000220900
     148       9        0.0195137329
     148      10        0.0001161646
     148      11        0.0189393053
     148      12        0.0002266398
     149       1        0.5947250627
     149       2        0.0000034260
     149       3        0.0046910579
     149       4        0.0022661715
     149       5        0.1088641253
     149       6        0.0000006826
     149       7        0.0091848424
     149       8        0.0000010506
     149       9        0.0209182585
     149      10        0.0000040825
     149      11        0.0202035084
     149      12        0.0000082809
     150       1        0.6183019449
     150       2        0.0000362315
     150       3        0.0035398094
     150       4        0.0000606186
     150       5        0.1100728569
     150       6        0.0000338867
     150       7        0.0092308720
     150       8        0.0000709887
     150       9        0.0210746713
     150      10        0.0003632997
     150      11        0.0209827301
     150      12        0.0005418656
     151       1        0.5889882572
     151       2        0.0229415381
     151       3        0.0000003187
     151       4        0.0029110486
     151       5        0.1078124332
     151       6        0.0000079133
     151       7        0.0089541397
     151       8        0.0000183059
     151       9        0.0202208670
     151      10        0.0001029913
     151      11        0.0188697433
     151      12        0.0001400475
