Superlattice vectors (celldm1_l units):
-0.50000000000 9.52627940000 0.00000000000
-8.50000000000 4.33012700000 0.00000000000
Layer 1 points (Angstrom):
C -20.65500000000 9.11924745919 0.00000000000
C -21.87000000000 11.22368918119 0.00000000000
C -17.01000000000 7.01480573719 0.00000000000
C -18.22500000000 9.11924745919 0.00000000000
C -19.44000000000 8.41776688800 0.00000000000
C -19.44000000000 11.22368918119 0.00000000000
C -20.65500000000 10.52220861000 0.00000000000
C -20.65500000000 13.32813090319 0.00000000000
C -21.87000000000 12.62665033200 0.00000000000
C -21.87000000000 15.43257262519 0.00000000000
C -23.08500000000 17.53701434719 0.00000000000
C -13.36500000000 4.91036401519 0.00000000000
C -14.58000000000 7.01480573719 0.00000000000
C -15.79500000000 6.31332516600 0.00000000000
C -15.79500000000 9.11924745919 0.00000000000
C -17.01000000000 8.41776688800 0.00000000000
C -17.01000000000 11.22368918119 0.00000000000
C -18.22500000000 10.52220861000 0.00000000000
C -18.22500000000 13.32813090319 0.00000000000
C -19.44000000000 12.62665033200 0.00000000000
C -19.44000000000 15.43257262519 0.00000000000
C -20.65500000000 14.73109205400 0.00000000000
C -20.65500000000 17.53701434719 0.00000000000
C -21.87000000000 16.83553377600 0.00000000000
C -21.87000000000 19.64145606919 0.00000000000
C -23.08500000000 18.93997549800 0.00000000000
C -23.08500000000 21.74589779119 0.00000000000
C -9.72000000000 2.80592229319 0.00000000000
C -10.93500000000 4.91036401519 0.00000000000
C -12.15000000000 4.20888344400 0.00000000000
C -12.15000000000 7.01480573719 0.00000000000
C -13.36500000000 6.31332516600 0.00000000000
C -13.36500000000 9.11924745919 0.00000000000
C -14.58000000000 8.41776688800 0.00000000000
C -14.58000000000 11.22368918119 0.00000000000
C -15.79500000000 10.52220861000 0.00000000000
C -15.79500000000 13.32813090319 0.00000000000
C -17.01000000000 12.62665033200 0.00000000000
C -17.01000000000 15.43257262519 0.00000000000
C -18.22500000000 14.73109205400 0.00000000000
C -18.22500000000 17.53701434719 0.00000000000
C -19.44000000000 16.83553377600 0.00000000000
C -19.44000000000 19.64145606919 0.00000000000
C -20.65500000000 18.93997549800 0.00000000000
C -20.65500000000 21.74589779119 0.00000000000
C -21.87000000000 21.04441722000 0.00000000000
C -21.87000000000 23.85033951319 0.00000000000
C -23.08500000000 23.14885894200 0.00000000000
C -23.08500000000 25.95478123519 0.00000000000
C -7.29000000000 2.80592229319 0.00000000000
C -8.50500000000 2.10444172200 0.00000000000
C -8.50500000000 4.91036401519 0.00000000000
C -9.72000000000 4.20888344400 0.00000000000
C -9.72000000000 7.01480573719 0.00000000000
C -10.93500000000 6.31332516600 0.00000000000
C -10.93500000000 9.11924745919 0.00000000000
C -12.15000000000 8.41776688800 0.00000000000
C -12.15000000000 11.22368918119 0.00000000000
C -13.36500000000 10.52220861000 0.00000000000
C -13.36500000000 13.32813090319 0.00000000000
C -14.58000000000 12.62665033200 0.00000000000
C -14.58000000000 15.43257262519 0.00000000000
C -15.79500000000 14.73109205400 0.00000000000
C -15.79500000000 17.53701434719 0.00000000000
C -17.01000000000 16.83553377600 0.00000000000
C -17.01000000000 19.64145606919 0.00000000000
C -18.22500000000 18.93997549800 0.00000000000
C -18.22500000000 21.74589779119 0.00000000000
C -19.44000000000 21.04441722000 0.00000000000
C -19.44000000000 23.85033951319 0.00000000000
C -20.65500000000 23.14885894200 0.00000000000
C -20.65500000000 25.95478123519 0.00000000000
C -21.87000000000 25.25330066400 0.00000000000
C -21.87000000000 28.05922295719 0.00000000000
C -23.08500000000 27.35774238600 0.00000000000
C -23.08500000000 30.16366467919 0.00000000000
C -3.64500000000 0.70148057119 0.00000000000
C -4.86000000000 2.80592229319 0.00000000000
C -6.07500000000 2.10444172200 0.00000000000
C -6.07500000000 4.91036401519 0.00000000000
C -7.29000000000 4.20888344400 0.00000000000
C -7.29000000000 7.01480573719 0.00000000000
C -8.50500000000 6.31332516600 0.00000000000
C -8.50500000000 9.11924745919 0.00000000000
C -9.72000000000 8.41776688800 0.00000000000
C -9.72000000000 11.22368918119 0.00000000000
C -10.93500000000 10.52220861000 0.00000000000
C -10.93500000000 13.32813090319 0.00000000000
C -12.15000000000 12.62665033200 0.00000000000
C -12.15000000000 15.43257262519 0.00000000000
C -13.36500000000 14.73109205400 0.00000000000
C -13.36500000000 17.53701434719 0.00000000000
C -14.58000000000 16.83553377600 0.00000000000
C -14.58000000000 19.64145606919 0.00000000000
C -15.79500000000 18.93997549800 0.00000000000
C -15.79500000000 21.74589779119 0.00000000000
C -17.01000000000 21.04441722000 0.00000000000
C -17.01000000000 23.85033951319 0.00000000000
C -18.22500000000 23.14885894200 0.00000000000
C -18.22500000000 25.95478123519 0.00000000000
C -19.44000000000 25.25330066400 0.00000000000
C -19.44000000000 28.05922295719 0.00000000000
C -20.65500000000 27.35774238600 0.00000000000
C -20.65500000000 30.16366467919 0.00000000000
C -21.87000000000 29.46218410800 0.00000000000
C -23.08500000000 31.56662583000 0.00000000000
C -2.43000000000 0.00000000000 0.00000000000
C -2.43000000000 2.80592229319 0.00000000000
C -3.64500000000 2.10444172200 0.00000000000
C -3.64500000000 4.91036401519 0.00000000000
C -4.86000000000 4.20888344400 0.00000000000
C -4.86000000000 7.01480573719 0.00000000000
C -6.07500000000 6.31332516600 0.00000000000
C -6.07500000000 9.11924745919 0.00000000000
C -7.29000000000 8.41776688800 0.00000000000
C -7.29000000000 11.22368918119 0.00000000000
C -8.50500000000 10.52220861000 0.00000000000
C -8.50500000000 13.32813090319 0.00000000000
C -9.72000000000 12.62665033200 0.00000000000
C -9.72000000000 15.43257262519 0.00000000000
C -10.93500000000 14.73109205400 0.00000000000
C -10.93500000000 17.53701434719 0.00000000000
C -12.15000000000 16.83553377600 0.00000000000
C -12.15000000000 19.64145606919 0.00000000000
C -13.36500000000 18.93997549800 0.00000000000
C -13.36500000000 21.74589779119 0.00000000000
C -14.58000000000 21.04441722000 0.00000000000
C -14.58000000000 23.85033951319 0.00000000000
C -15.79500000000 23.14885894200 0.00000000000
C -15.79500000000 25.95478123519 0.00000000000
C -17.01000000000 25.25330066400 0.00000000000
C -17.01000000000 28.05922295719 0.00000000000
C -18.22500000000 27.35774238600 0.00000000000
C -19.44000000000 29.46218410800 0.00000000000
C -2.43000000000 4.20888344400 0.00000000000
C -3.64500000000 6.31332516600 0.00000000000
C -3.64500000000 9.11924745919 0.00000000000
C -4.86000000000 8.41776688800 0.00000000000
C -4.86000000000 11.22368918119 0.00000000000
C -6.07500000000 10.52220861000 0.00000000000
C -6.07500000000 13.32813090319 0.00000000000
C -7.29000000000 12.62665033200 0.00000000000
C -7.29000000000 15.43257262519 0.00000000000
C -8.50500000000 14.73109205400 0.00000000000
C -8.50500000000 17.53701434719 0.00000000000
C -9.72000000000 16.83553377600 0.00000000000
C -9.72000000000 19.64145606919 0.00000000000
C -10.93500000000 18.93997549800 0.00000000000
C -10.93500000000 21.74589779119 0.00000000000
C -12.15000000000 21.04441722000 0.00000000000
C -12.15000000000 23.85033951319 0.00000000000
C -13.36500000000 23.14885894200 0.00000000000
C -13.36500000000 25.95478123519 0.00000000000
C -14.58000000000 25.25330066400 0.00000000000
C -15.79500000000 27.35774238600 0.00000000000
C -3.64500000000 10.52220861000 0.00000000000
C -3.64500000000 13.32813090319 0.00000000000
C -4.86000000000 12.62665033200 0.00000000000
C -4.86000000000 15.43257262519 0.00000000000
C -6.07500000000 14.73109205400 0.00000000000
C -6.07500000000 17.53701434719 0.00000000000
C -7.29000000000 16.83553377600 0.00000000000
C -7.29000000000 19.64145606919 0.00000000000
C -8.50500000000 18.93997549800 0.00000000000
C -8.50500000000 21.74589779119 0.00000000000
C -9.72000000000 21.04441722000 0.00000000000
C -9.72000000000 23.85033951319 0.00000000000
C -10.93500000000 23.14885894200 0.00000000000
C -12.15000000000 25.25330066400 0.00000000000
C -3.64500000000 14.73109205400 0.00000000000
C -3.64500000000 17.53701434719 0.00000000000
C -4.86000000000 16.83553377600 0.00000000000
C -4.86000000000 19.64145606919 0.00000000000
C -6.07500000000 18.93997549800 0.00000000000
C -6.07500000000 21.74589779119 0.00000000000
C -7.29000000000 21.04441722000 0.00000000000
C -7.29000000000 23.85033951319 0.00000000000
C -8.50500000000 23.14885894200 0.00000000000
C -3.64500000000 18.93997549800 0.00000000000
C -3.64500000000 21.74589779119 0.00000000000
C -4.86000000000 21.04441722000 0.00000000000
C -6.07500000000 23.14885894200 0.00000000000
Number of points in layer 1: 182
Layer 2 points (Angstrom):
C -20.50813186270 9.12695602805 3.00000000000
C -21.93675823537 11.09264335024 3.00000000000
C -15.23423076573 5.44996445008 3.00000000000
C -16.66285713839 7.41565177227 3.00000000000
C -18.09148351106 9.38133909446 3.00000000000
C -19.22637362156 8.55652127892 3.00000000000
C -19.52010988372 11.34702641665 3.00000000000
C -20.65499999422 10.52220860111 3.00000000000
C -20.94873625638 13.31271373884 3.00000000000
C -22.08362636689 12.48789592330 3.00000000000
C -22.37736262905 15.27840106104 3.00000000000
C -11.38895604142 3.73866019430 3.00000000000
C -12.81758241408 5.70434751649 3.00000000000
C -13.95247252458 4.87952970094 3.00000000000
C -14.24620878674 7.67003483868 3.00000000000
C -15.38109889725 6.84521702313 3.00000000000
C -15.67483515941 9.63572216087 3.00000000000
C -16.80972526991 8.81090434532 3.00000000000
C -17.10346153207 11.60140948306 3.00000000000
C -18.23835164258 10.77659166752 3.00000000000
C -18.53208790473 13.56709680525 3.00000000000
C -19.66697801524 12.74227898971 3.00000000000
C -19.96071427740 15.53278412744 3.00000000000
C -21.09560438790 14.70796631190 3.00000000000
C -21.38934065006 17.49847144964 3.00000000000
C -22.52423076057 16.67365363409 3.00000000000
C -22.81796702272 19.46415877183 3.00000000000
C -7.54368131710 2.02735593851 3.00000000000
C -8.97230768977 3.99304326070 3.00000000000
C -10.10719780027 3.16822544516 3.00000000000
C -10.40093406243 5.95873058290 3.00000000000
C -11.53582417294 5.13391276735 3.00000000000
C -11.82956043509 7.92441790509 3.00000000000
C -12.96445054560 7.09960008954 3.00000000000
C -13.25818680776 9.89010522728 3.00000000000
C -14.39307691826 9.06528741173 3.00000000000
C -14.68681318042 11.85579254947 3.00000000000
C -15.82170329093 11.03097473392 3.00000000000
C -16.11543955309 13.82147987166 3.00000000000
C -17.25032966359 12.99666205612 3.00000000000
C -17.54406592575 15.78716719385 3.00000000000
C -18.67895603625 14.96234937831 3.00000000000
C -18.97269229841 17.75285451604 3.00000000000
C -20.10758240892 16.92803670050 3.00000000000
C -20.40131867108 19.71854183824 3.00000000000
C -21.53620878158 18.89372402269 3.00000000000
C -21.82994504374 21.68422916043 3.00000000000
C -22.96483515424 20.85941134488 3.00000000000
C -23.25857141640 23.64991648262 3.00000000000
C -3.69840659279 0.31605168273 3.00000000000
C -5.12703296546 2.28173900492 3.00000000000
C -6.26192307596 1.45692118938 3.00000000000
C -6.55565933812 4.24742632711 3.00000000000
C -7.69054944862 3.42260851157 3.00000000000
C -7.98428571078 6.21311364930 3.00000000000
C -9.11917582129 5.38829583376 3.00000000000
C -9.41291208345 8.17880097149 3.00000000000
C -10.54780219395 7.35398315595 3.00000000000
C -10.84153845611 10.14448829369 3.00000000000
C -11.97642856661 9.31967047814 3.00000000000
C -12.27016482877 12.11017561588 3.00000000000
C -13.40505493928 11.28535780033 3.00000000000
C -13.69879120144 14.07586293807 3.00000000000
C -14.83368131194 13.25104512252 3.00000000000
C -15.12741757410 16.04155026026 3.00000000000
C -16.26230768461 15.21673244472 3.00000000000
C -16.55604394676 18.00723758245 3.00000000000
C -17.69093405727 17.18241976691 3.00000000000
C -17.98467031943 19.97292490464 3.00000000000
C -19.11956042993 19.14810708910 3.00000000000
C -19.41329669209 21.93861222684 3.00000000000
C -20.54818680260 21.11379441129 3.00000000000
C -20.84192306476 23.90429954903 3.00000000000
C -21.97681317526 23.07948173348 3.00000000000
C -22.27054943742 25.86998687122 3.00000000000
C -23.40543954792 25.04516905567 3.00000000000
C -2.41664835165 -0.25438306641 3.00000000000
C -2.71038461381 2.53612207133 3.00000000000
C -3.84527472431 1.71130425578 3.00000000000
C -4.13901098647 4.50180939352 3.00000000000
C -5.27390109698 3.67699157797 3.00000000000
C -5.56763735913 6.46749671571 3.00000000000
C -6.70252746964 5.64267890017 3.00000000000
C -6.99626373180 8.43318403790 3.00000000000
C -8.13115384230 7.60836622236 3.00000000000
C -8.42489010446 10.39887136009 3.00000000000
C -9.55978021497 9.57405354455 3.00000000000
C -9.85351647713 12.36455868229 3.00000000000
C -10.98840658763 11.53974086674 3.00000000000
C -11.28214284979 14.33024600448 3.00000000000
C -12.41703296029 13.50542818893 3.00000000000
C -12.71076922245 16.29593332667 3.00000000000
C -13.84565933296 15.47111551112 3.00000000000
C -14.13939559512 18.26162064886 3.00000000000
C -15.27428570562 17.43680283332 3.00000000000
C -15.56802196778 20.22730797105 3.00000000000
C -16.70291207828 19.40249015551 3.00000000000
C -16.99664834044 22.19299529324 3.00000000000
C -18.13153845095 21.36817747770 3.00000000000
C -18.42527471311 24.15868261544 3.00000000000
C -19.56016482361 23.33386479989 3.00000000000
C -19.85390108577 26.12436993763 3.00000000000
C -20.98879119628 25.29955212208 3.00000000000
C -21.28252745843 28.09005725982 3.00000000000
C -22.41741756894 27.26523944427 3.00000000000
C -22.71115383110 30.05574458201 3.00000000000
C -2.85725274533 3.93137464438 3.00000000000
C -3.15098900749 6.72187978212 3.00000000000
C -4.28587911799 5.89706196657 3.00000000000
C -4.57961538015 8.68756710431 3.00000000000
C -5.71450549065 7.86274928877 3.00000000000
C -6.00824175281 10.65325442650 3.00000000000
C -7.14313186332 9.82843661096 3.00000000000
C -7.43686812548 12.61894174869 3.00000000000
C -8.57175823598 11.79412393315 3.00000000000
C -8.86549449814 14.58462907089 3.00000000000
C -10.00038460865 13.75981125534 3.00000000000
C -10.29412087080 16.55031639308 3.00000000000
C -11.42901098131 15.72549857753 3.00000000000
C -11.72274724347 18.51600371527 3.00000000000
C -12.85763735397 17.69118589972 3.00000000000
C -13.15137361613 20.48169103746 3.00000000000
C -14.28626372664 19.65687322191 3.00000000000
C -14.57999998879 22.44737835965 3.00000000000
C -15.71489009930 21.62256054411 3.00000000000
C -16.00862636146 24.41306568184 3.00000000000
C -17.14351647196 23.58824786630 3.00000000000
C -17.43725273412 26.37875300403 3.00000000000
C -18.57214284463 25.55393518849 3.00000000000
C -18.86587910679 28.34444032623 3.00000000000
C -20.00076921729 27.51962251068 3.00000000000
C -20.29450547945 30.31012764842 3.00000000000
C -21.42939558995 29.48530983287 3.00000000000
C -22.85802196262 31.45099715506 3.00000000000
C -3.29785713901 8.11713235517 3.00000000000
C -3.59159340116 10.90763749291 3.00000000000
C -4.72648351167 10.08281967737 3.00000000000
C -5.02021977383 12.87332481510 3.00000000000
C -6.15510988433 12.04850699956 3.00000000000
C -6.44884614649 14.83901213729 3.00000000000
C -7.58373625700 14.01419432175 3.00000000000
C -7.87747251916 16.80469945949 3.00000000000
C -9.01236262966 15.97988164394 3.00000000000
C -9.30609889182 18.77038678168 3.00000000000
C -10.44098900232 17.94556896613 3.00000000000
C -10.73472526448 20.73607410387 3.00000000000
C -11.86961537499 19.91125628832 3.00000000000
C -12.16335163715 22.70176142606 3.00000000000
C -13.29824174765 21.87694361051 3.00000000000
C -13.59197800981 24.66744874825 3.00000000000
C -14.72686812031 23.84263093271 3.00000000000
C -15.02060438247 26.63313607044 3.00000000000
C -16.15549449298 25.80831825490 3.00000000000
C -17.58412086564 27.77400557709 3.00000000000
C -19.01274723831 29.73969289928 3.00000000000
C -3.73846153268 12.30289006597 3.00000000000
C -4.03219779484 15.09339520370 3.00000000000
C -5.16708790535 14.26857738816 3.00000000000
C -5.46082416751 17.05908252589 3.00000000000
C -6.59571427801 16.23426471035 3.00000000000
C -6.88945054017 19.02476984809 3.00000000000
C -8.02434065068 18.19995203254 3.00000000000
C -8.31807691283 20.99045717028 3.00000000000
C -9.45296702334 20.16563935473 3.00000000000
C -9.74670328550 22.95614449247 3.00000000000
C -10.88159339600 22.13132667692 3.00000000000
C -11.17532965816 24.92183181466 3.00000000000
C -12.31021976867 24.09701399911 3.00000000000
C -13.73884614133 26.06270132131 3.00000000000
C -3.04417581586 17.31346559230 3.00000000000
C -4.17906592636 16.48864777676 3.00000000000
C -4.47280218852 19.27915291449 3.00000000000
C -5.60769229903 18.45433509895 3.00000000000
C -5.90142856119 21.24484023669 3.00000000000
C -7.03631867169 20.42002242114 3.00000000000
C -7.33005493385 23.21052755888 3.00000000000
C -8.46494504435 22.38570974333 3.00000000000
C -9.89357141702 24.35139706552 3.00000000000
C -3.19104394738 18.70871816536 3.00000000000
C -3.48478020954 21.49922330309 3.00000000000
C -4.61967032004 20.67440548755 3.00000000000
C -6.04829669271 22.64009280974 3.00000000000
Number of points in layer 2: 182

Total number of atoms: 364